Techniques=prod80_04_ContrastBrightnessSaturation@PD80_04_Contrast_Brightness_Saturation.fx,prod80_03_FilmicTonemap@PD80_03_Filmic_Adaptation.fx,Clarity@Clarity.fx,prod80_04_Magical_Rectangle@PD80_04_Magical_Rectangle.fx
TechniqueSorting=prod80_04_ContrastBrightnessSaturation@PD80_04_Contrast_Brightness_Saturation.fx,prod80_03_FilmicTonemap@PD80_03_Filmic_Adaptation.fx,Clarity@Clarity.fx,prod80_04_Magical_Rectangle@PD80_04_Magical_Rectangle.fx

[Clarity.fx]
ClarityBlendIfDark=50
ClarityBlendIfLight=205
ClarityBlendMode=2
ClarityDarkIntensity=0.400000
ClarityLightIntensity=1.000000
ClarityOffset=2.000000
ClarityRadius=3
ClarityStrength=0.400000
ClarityViewBlendIfMask=0
ClarityViewMask=0

[Clarity2.fx]
BlendIfRange=0.200000
ClarityBlendIfDarkTwo=50
ClarityBlendIfLightTwo=205
ClarityBlendModeTwo=2
ClarityDarkIntensityTwo=0.400000
ClarityLightIntensityTwo=0.400000
ClarityOffsetTwo=8.000000
ClarityRadiusTwo=4
ClarityStrengthTwo=0.400000
DitherStrength=1.000000
MaskContrast=0.000000
PreprocessorDefinitions=0

[HSLShift.fx]
HUEBlue=0.250000,0.250000,0.750000
HUECyan=0.250000,0.750000,0.750000
HUEGreen=0.250000,0.750000,0.250000
HUEMagenta=0.750000,0.250000,0.750000
HUEOrange=0.529412,0.392157,0.258824
HUEPurple=0.500000,0.250000,0.750000
HUERed=0.996078,0.015686,0.062745
HUEYellow=0.750000,0.750000,0.250000

[LiftGammaGain.fx]
RGB_Gain=1.000000,1.000000,1.000000
RGB_Gamma=1.000000,1.000000,1.000000
RGB_Lift=1.000000,1.000000,1.000000

[PD80_03_Filmic_Adaptation.fx]
adj_linear=5.167998
adj_shoulder=1.000000
adj_toe=1.799999

[PD80_04_Contrast_Brightness_Saturation.fx]
brightness=0.272000
brightnessD=0.000000
contrast=0.200000
contrastD=0.000000
depthCurve=1.000000
depthEnd=0.100000
depthStart=0.000000
display_depth=0
dither_strength=1.000000
enable_depth=0
enable_dither=1
exposureD=0.000000
exposureN=0.150000
huemid=0.000000
huerange=0.167000
saturation=-0.000000
saturationD=0.000000
sat_a=-0.069000
sat_b=0.184000
sat_custom=0.000000
sat_g=-0.055000
sat_m=0.112000
sat_p=0.146000
sat_r=0.250000
sat_y=-0.069000
tint=-0.005000
vibrance=0.000000
vibranceD=0.000000

[PD80_04_Magical_Rectangle.fx]
blendmode_1=0
center=0.500000,0.500000
depthpos=0.000000
depth_smoothing=0.002000
dither_strength=0.000000
enable_gradient=0
gradient_curve=0.250000
gradient_type=0
intensity_boost=1.000000
invert_shape=0
mr_brightness=1.000000
mr_contrast=1.000000
mr_exposure=4.000000
mr_hue=0.000000
mr_saturation=-1.000000
mr_vibrance=1.000000
opacity=1.000000
reccolor=1.000000,1.000000,1.000000
ret_size_x=0.001000
ret_size_y=0.001000
rotation=45
shape=0
smoothing=0.010000

[xhair.fx]
CircleColor=1.000000,1.000000,1.000000
CircleGapRadius=0.000000
CircleInnerOutlineGlowOpacity=0.150000
CircleOuterOutlineGlowOpacity=0.150000
CircleOutlineColor=0.000000,0.000000,0.000000
CircleOutlineEnabled=0
CircleOutlineGlowEnabled=1
CircleOutlineOpacity=1.000000
CircleThickness=2.000000
CrossColor=0.000000,1.000000,0.000000
CrossGap=3
CrossLength=6
CrossOutlineColor=0.000000,0.000000,0.000000
CrossOutlineEnabled=1
CrossOutlineGlowEnabled=1
CrossOutlineGlowOpacity=0.150000
CrossOutlineOpacity=1.000000
CrossThickness=1
DotColor=0.000000,1.000000,0.000000
DotOpacity=1.000000
DotSize=1
DotType=2
f_circleInnerOutlineGlow=2.000000
f_circleInnerOutlineSharpness=1.000000
f_circleOuterOutlineGlow=2.000000
f_circleOuterOutlineSharpness=1.000000
f_crossOutlineGlow=2
f_crossOutlineSharpness=1
HideOnRMB=0
InvertHideOnRMB=1
OffsetX=0
OffsetY=0
XhairOpacity=1.000000
XhairType=1

