Techniques=AdaptiveSharpen@AdaptiveSharpen.fx,prod80_04_ContrastBrightnessSaturation@PD80_04_Contrast_Brightness_Saturation.fx,prod80_04_SelectiveColor_v2@PD80_04_Selective_Color_v2.fx,Technicolor2@Technicolor2.fx,LiftGammaGain@LiftGammaGain.fx,DeHaze@Dehaze.fx

[AdaptiveSharpen.fx]
curveslope=0.500000
curve_height=1.500000
D_compr_high=0.500000
D_compr_low=0.250000
D_overshoot=0.009000
L_compr_high=0.334000
L_compr_low=0.167000
L_overshoot=0.003000
pm_p=0.700000
scale_cs=0.056000
scale_lim=0.100000

[Dehaze.fx]
Alpha=0.400000
Debug=0
DepthMultiplier=-1.000000
IgnoreSky=0
TransmissionMultiplier=-0.750000

[LiftGammaGain.fx]
RGB_Gain=1.250012,1.250012,1.250012
RGB_Gamma=1.045002,1.045002,1.045002
RGB_Lift=1.000000,1.000000,1.000000

[PD80_04_Contrast_Brightness_Saturation.fx]
brightness=0.590000
brightnessD=0.000000
contrast=-0.105000
contrastD=0.000000
depthCurve=1.000000
depthEnd=0.100000
depthStart=0.000000
display_depth=0
dither_strength=1.000000
enable_depth=0
enable_dither=1
exposureD=0.000000
exposureN=0.365000
huemid=0.000000
huerange=0.167000
saturation=0.000000
saturationD=0.000000
sat_a=0.000000
sat_b=0.000000
sat_custom=0.000000
sat_g=0.000000
sat_m=0.000000
sat_p=0.000000
sat_r=0.000000
sat_y=0.000000
tint=-0.000000
vibrance=0.485000
vibranceD=0.000000

[PD80_04_Selective_Color_v2.fx]
bk_adj_bla=0.000000
bk_adj_cya=0.000000
bk_adj_mag=0.000000
bk_adj_sat=0.000000
bk_adj_yel=0.000000
bm_adj_bla=0.000000
bm_adj_cya=0.000000
bm_adj_lig=0.000000
bm_adj_lig_curve=0.000000
bm_adj_mag=0.000000
bm_adj_sat=0.000000
bm_adj_yel=0.000000
b_adj_bla=0.000000
b_adj_cya=0.000000
b_adj_lig=0.000000
b_adj_lig_curve=0.000000
b_adj_mag=0.000000
b_adj_sat=0.000000
b_adj_yel=0.000000
cb_adj_bla=0.000000
cb_adj_cya=0.000000
cb_adj_lig=0.000000
cb_adj_lig_curve=0.000000
cb_adj_mag=0.000000
cb_adj_sat=0.000000
cb_adj_yel=0.000000
corr_method=1
c_adj_bla=0.000000
c_adj_cya=0.000000
c_adj_lig=0.000000
c_adj_lig_curve=0.000000
c_adj_mag=0.000000
c_adj_sat=0.000000
c_adj_yel=0.000000
gc_adj_bla=0.000000
gc_adj_cya=0.000000
gc_adj_lig=0.000000
gc_adj_lig_curve=0.000000
gc_adj_mag=0.000000
gc_adj_sat=0.000000
gc_adj_yel=0.000000
g_adj_bla=0.000000
g_adj_cya=1.000000
g_adj_lig=0.000000
g_adj_lig_curve=0.000000
g_adj_mag=1.000000
g_adj_sat=0.000000
g_adj_yel=1.000000
mr_adj_bla=0.000000
mr_adj_cya=0.000000
mr_adj_lig=0.000000
mr_adj_lig_curve=0.000000
mr_adj_mag=0.000000
mr_adj_sat=0.000000
mr_adj_yel=0.000000
m_adj_bla=0.000000
m_adj_cya=0.000000
m_adj_lig=0.000000
m_adj_lig_curve=0.000000
m_adj_mag=0.000000
m_adj_sat=0.000000
m_adj_yel=0.000000
n_adj_bla=0.000000
n_adj_cya=0.000000
n_adj_mag=0.000000
n_adj_sat=0.000000
n_adj_yel=0.000000
o_adj_bla=1.000000
o_adj_cya=0.000000
o_adj_lig=0.000000
o_adj_lig_curve=1.000000
o_adj_mag=0.000000
o_adj_sat=0.000000
o_adj_yel=0.000000
r_adj_bla=1.000000
r_adj_cya=-0.480000
r_adj_lig=0.075000
r_adj_lig_curve=-0.397000
r_adj_mag=0.000000
r_adj_sat=1.000000
r_adj_yel=0.000000
w_adj_bla=0.000000
w_adj_cya=0.000000
w_adj_mag=0.000000
w_adj_sat=0.000000
w_adj_yel=0.000000
yg_adj_bla=1.000000
yg_adj_cya=-1.000000
yg_adj_lig=0.000000
yg_adj_lig_curve=0.000000
yg_adj_mag=1.000000
yg_adj_sat=-0.474000
yg_adj_yel=0.000000
y_adj_bla=1.000000
y_adj_cya=0.000000
y_adj_lig=0.000000
y_adj_lig_curve=0.000000
y_adj_mag=0.000000
y_adj_sat=0.000000
y_adj_yel=-1.000000

[Technicolor2.fx]
Brightness=1.245000
ColorStrength=0.000000,0.588235,1.000000
Saturation=0.600000
Strength=0.300000

