Techniques=Technicolor2@Technicolor2.fx,prod80_04_ContrastBrightnessSaturation@PD80_04_Contrast_Brightness_Saturation.fx,AdaptiveSharpen@AdaptiveSharpen.fx

[AdaptiveSharpen.fx]
curveslope=0.500000
curve_height=1.000000
D_compr_high=0.500000
D_compr_low=0.250000
D_overshoot=0.009000
L_compr_high=0.334000
L_compr_low=0.167000
L_overshoot=0.003000
pm_p=0.700000
scale_cs=0.056000
scale_lim=0.100000

[PD80_04_Contrast_Brightness_Saturation.fx]
brightness=0.425000
brightnessD=0.000000
contrast=0.000000
contrastD=0.000000
depthCurve=1.000000
depthEnd=0.100000
depthStart=0.000000
display_depth=0
dither_strength=1.000000
enable_depth=0
enable_dither=1
exposureD=0.000000
exposureN=0.000000
huemid=0.000000
huerange=0.167000
saturation=0.000000
saturationD=0.000000
sat_a=0.000000
sat_b=0.000000
sat_custom=0.000000
sat_g=-0.118000
sat_m=0.000000
sat_p=0.000000
sat_r=1.145000
sat_y=0.000000
tint=0.000000
vibrance=0.000000
vibranceD=0.000000

[Technicolor2.fx]
Brightness=1.500000
ColorStrength=0.000000,0.000000,0.000000
Saturation=0.930000
Strength=0.845000

