Techniques=prod80_04_ContrastBrightnessSaturation@PD80_04_Contrast_Brightness_Saturation.fx,prod80_03_FilmicTonemap@PD80_03_Filmic_Adaptation.fx,Technicolor2@Technicolor2.fx

[PD80_03_Filmic_Adaptation.fx]
adj_linear=2.546000
adj_shoulder=1.000000
adj_toe=1.000000

[PD80_04_Contrast_Brightness_Saturation.fx]
brightness=0.148000
brightnessD=0.000000
contrast=-0.204000
contrastD=0.000000
depthCurve=1.000000
depthEnd=0.100000
depthStart=0.000000
display_depth=0
dither_strength=1.000000
enable_depth=0
enable_dither=1
exposureD=0.000000
exposureN=-0.000000
huemid=0.000000
huerange=0.167000
saturation=-0.000000
saturationD=0.000000
sat_a=0.147000
sat_b=0.208000
sat_custom=0.000000
sat_g=0.006000
sat_m=0.111000
sat_p=0.204000
sat_r=-0.017000
sat_y=0.107000
tint=-0.005000
vibrance=0.207000
vibranceD=0.000000

[Technicolor2.fx]
Brightness=0.999000
ColorStrength=0.200000,0.200000,0.200000
Saturation=0.642000
Strength=0.659000

